kinematics:
  shoulder:
    x: 0
    y: 0
    z: 0.18096731751889339
    roll: -0
    pitch: 0
    yaw: -1.2632351675291587e-07
  upper_arm:
    x: 0.00010259810567124768
    y: 0
    z: 0
    roll: 1.5715462179760282
    pitch: 0
    yaw: -2.7768987207466012e-06
  forearm:
    x: -0.47847198464773644
    y: 0
    z: 0
    roll: 0.0011135490900482609
    pitch: 0.00051024641678320225
    yaw: 2.3103484761724345e-06
  wrist_1:
    x: -0.36009199450662704
    y: 0.00053344349225684421
    z: 0.17490113128563553
    roll: 3.138542691395402
    pitch: -3.1412872098167894
    yaw: 3.1415883174190014
  wrist_2:
    x: 6.3825114598534932e-05
    y: -0.11987305284603673
    z: 3.7886430473044036e-08
    roll: 1.5707960107402907
    pitch: 0
    yaw: 1.2364088338157051e-06
  wrist_3:
    x: 7.0818813770800066e-05
    y: 0.11565647069254308
    z: 0.00010087541653755918
    roll: 1.5716685252145255
    pitch: 3.1415926535897931
    yaw: 3.1415925523615083
  hash: calib_13221641158684184666